文本聚类_层次聚类
[(0, 1670), (1, 2794), (2, 336)]
聚为3类时，轮廓系数为0.018078525446203173
[(0, 2794), (1, 971), (2, 336), (3, 699)]
聚为4类时，轮廓系数为0.019522732093007148
[(0, 2503), (1, 971), (2, 336), (3, 699), (4, 291)]
聚为5类时，轮廓系数为0.02096203494669353
[(0, 971), (1, 2216), (2, 336), (3, 699), (4, 291), (5, 287)]
聚为6类时，轮廓系数为0.01978686324803619
[(0, 2216), (1, 317), (2, 654), (3, 699), (4, 291), (5, 287), (6, 336)]
聚为7类时，轮廓系数为0.02226569999801681
[(0, 1481), (1, 317), (2, 654), (3, 699), (4, 291), (5, 287), (6, 336), (7, 735)]
聚为8类时，轮廓系数为0.023331727381874074
[(0, 1386), (1, 317), (2, 654), (3, 699), (4, 291), (5, 287), (6, 336), (7, 735), (8, 95)]
聚为9类时，轮廓系数为0.024570090973990003
[(0, 317), (1, 1267), (2, 654), (3, 699), (4, 291), (5, 287), (6, 336), (7, 735), (8, 95), (9, 119)]
聚为10类时，轮廓系数为0.024122890382511322
[(0, 654), (1, 1267), (2, 336), (3, 699), (4, 291), (5, 287), (6, 228), (7, 735), (8, 95), (9, 119), (10, 89)]
聚为11类时，轮廓系数为0.02443470190617647
[(0, 1267), (1, 699), (2, 336), (3, 735), (4, 291), (5, 287), (6, 228), (7, 357), (8, 95), (9, 119), (10, 89), (11, 297)]
聚为12类时，轮廓系数为0.0247618940369007
[(0, 916), (1, 699), (2, 336), (3, 735), (4, 291), (5, 287), (6, 228), (7, 357), (8, 95), (9, 119), (10, 89), (11, 297), (12, 351)]
聚为13类时，轮廓系数为0.025625504696256043
[(0, 699), (1, 859), (2, 336), (3, 735), (4, 291), (5, 287), (6, 228), (7, 357), (8, 95), (9, 119), (10, 89), (11, 297), (12, 351), (13, 57)]
聚为14类时，轮廓系数为0.025469835502666894

Process finished with exit code 0
