文本聚类_KMeans
[(0, 796), (1, 1630), (2, 2374)]
聚为3类时，轮廓系数为0.026220269857891734
[(0, 1164), (1, 800), (2, 1613), (3, 1223)]
聚为4类时，轮廓系数为0.028208554825244415
[(0, 787), (1, 382), (2, 1218), (3, 2007), (4, 406)]
聚为5类时，轮廓系数为0.03151655394149237
[(0, 399), (1, 383), (2, 805), (3, 1199), (4, 1612), (5, 402)]
聚为6类时，轮廓系数为0.03640474452863993
[(0, 401), (1, 820), (2, 435), (3, 1177), (4, 376), (5, 793), (6, 798)]
聚为7类时，轮廓系数为0.03781639711847607
[(0, 801), (1, 798), (2, 795), (3, 400), (4, 379), (5, 402), (6, 805), (7, 420)]
聚为8类时，轮廓系数为0.04227311519302854
[(0, 783), (1, 394), (2, 622), (3, 750), (4, 398), (5, 389), (6, 363), (7, 419), (8, 682)]
聚为9类时，轮廓系数为0.040616010770694794
[(0, 388), (1, 396), (2, 363), (3, 376), (4, 391), (5, 623), (6, 786), (7, 414), (8, 402), (9, 661)]
聚为10类时，轮廓系数为0.042740168676153836
[(0, 367), (1, 758), (2, 386), (3, 650), (4, 389), (5, 373), (6, 357), (7, 378), (8, 126), (9, 613), (10, 403)]
聚为11类时，轮廓系数为0.04381850869318769
[(0, 349), (1, 380), (2, 366), (3, 397), (4, 702), (5, 765), (6, 394), (7, 373), (8, 412), (9, 357), (10, 123), (11, 182)]
聚为12类时，轮廓系数为0.0447561702388823
[(0, 711), (1, 404), (2, 367), (3, 283), (4, 384), (5, 176), (6, 114), (7, 391), (8, 380), (9, 762), (10, 84), (11, 351), (12, 393)]
聚为13类时，轮廓系数为0.044013253500280895
[(0, 375), (1, 122), (2, 407), (3, 367), (4, 377), (5, 394), (6, 381), (7, 766), (8, 107), (9, 370), (10, 288), (11, 86), (12, 374), (13, 386)]
聚为14类时，轮廓系数为0.04299096420244715